Feature	Gain	Cover	Frequency
ctrx_quarter	0.04397719197726687	0.014745267718989383	0.01634194194668864
mcaja_ahorro	0.037515392279971894	0.010583780762224645	0.01744049347883214
mcuentas_saldo	0.03221692709597887	0.017902577128239148	0.016774644798378254
cpayroll_trx	0.02906256603792159	0.010175673171733632	0.003943720967910835
mpayroll	0.026955227897330594	0.015116300261975357	0.00886349311725852
mpasivos_margen	0.023868449890672445	0.009953763619973481	0.015350084268386414
ctarjeta_debito_transacciones	0.022978911558173682	0.0076812774463600455	0.010619990081423216
Visa_msaldopesos	0.02072470109501229	0.009031922226081852	0.014225847178836681
cproductos	0.01998670179645304	0.016933241867875773	0.01010825474540673
Visa_msaldototal	0.019656908355041934	0.009583095434556902	0.01565831095726121
mautoservicio	0.018773331217039533	0.008880100610529396	0.012040598987198713
mrentabilidad_annual	0.018713859342042904	0.01601126281722098	0.015028026894754416
mtarjeta_visa_consumo	0.017286631952354095	0.007104206976628287	0.012370559609263398
ctarjeta_visa_transacciones	0.016683581093164083	0.008665818689462838	0.011607896135509098
mactivos_margen	0.015753281281705455	0.015158297085775482	0.014652622594201782
mcuenta_corriente	0.014454750295221674	0.007895855610108353	0.011752130419405636
Visa_mpagominimo	0.0144388346127544	0.008484922576595546	0.015002341337348183
mrentabilidad	0.011877690277729008	0.00869784781272813	0.013469111141406897
mcomisiones_mantenimiento	0.011579504343096242	0.00799046775984454	0.008292483417996882
ccomisiones_otras	0.011357719180070018	0.006094572817764668	0.010367086131577231
mtransferencias_recibidas	0.011025315653889744	0.006142810620579146	0.012726205788734315
Visa_mpagospesos	0.011000346872670591	0.0067902512847192245	0.014081612894940143
cliente_edad	0.010841044952808767	0.010977890743304295	0.015865771228619242
Master_Fvencimiento	0.010064778756030329	0.008820138580245022	0.015555568727636276
mcomisiones	0.010007694595701758	0.007189326898187821	0.013886007496231138
mcomisiones_otras	0.009978347990443101	0.007037887334854344	0.013534312940976565
Master_fechaalta	0.009921682006188983	0.00876967695953442	0.01598629576721772
ctrx_quarter_lag_pond	0.009786785092232722	0.005166068532111882	0.004923723773564029
Visa_status	0.009433708675318453	0.004413985801029662	0.0012546406886890685
ccomisiones_mantenimiento	0.009411798149969815	0.00864052161930412	0.00402670507645405
Visa_fechaalta	0.009314096490405231	0.00792746244009674	0.014399718644355797
Visa_mconsumototal	0.009000668622244449	0.005697462261725159	0.01232709174288362
cextraccion_autoservicio	0.008937733848939965	0.00542057267486382	0.00612501753533246
active_quarter	0.00869403676391086	0.0005943232287389348	0.0005018562754756274
Visa_Fvencimiento	0.008681299994615109	0.008336210082213571	0.01368645047330579
chomebanking_transacciones	0.008482156591308503	0.006107558787908946	0.012641245868082929
Visa_mconsumospesos	0.008338383832163704	0.006101108327075324	0.012852657763657307
Master_status	0.007843994689031495	0.0036601151492792455	0.0015352060080494586
cliente_antiguedad	0.007714751546483155	0.006802079967701184	0.013559998498382797
numero_de_cliente	0.007711487153944473	0.008331542119494242	0.013733869963901912
Visa_mfinanciacion_limite	0.007510906267954548	0.006107369283919852	0.012054429671955916
mextraccion_autoservicio	0.007487078374106229	0.005158233607647086	0.007184052825312524
Visa_mlimitecompra	0.007321995366935337	0.005999070512995368	0.011744227170972949
Visa_cconsumos	0.007318158556507112	0.00609189987921969	0.011977372999737217
Master_mfinanciacion_limite	0.007315967847371452	0.005833637335816562	0.013522458068327534
Master_mlimitecompra	0.006825672053744323	0.0058666241582074645	0.012819068957818387
mtransferencias_emitidas	0.006635590879127233	0.006554798857015518	0.007994135789662946
Visa_madelantopesos	0.006451566432228964	0.0007756561901594005	0.0009503656240306172
ctarjeta_visa	0.006107826460856425	0.0012964249486250641	0.0008337927096484833
Visa_cadelantosefectivo	0.005514867930935335	0.0005540689473927502	0.0007725425342951587
mcaja_ahorro_dolares	0.005325780405422607	0.0057847202867761125	0.009414744695438442
ccajas_consultas	0.005267569851432781	0.009061872893948678	0.0013830684757202328
mcuenta_debitos_automaticos	0.005102514032603517	0.009283462229630871	0.006581430132320137
mrentabilidad_annual_lag_pond	0.0046267754464042994	0.006906264066669678	0.005218119777681622
mpagomiscuentas	0.0045593976711546386	0.005688947139709145	0.006026226929923872
mcuentas_saldo_lag_pond	0.004558978026947887	0.0031199949131801904	0.004702432817448792
mcaja_ahorro_lag_pond	0.004399659383052707	0.003139736529297155	0.00458783571517483
internet	0.0043963419131559595	0.008665292796866595	0.0017169807220012605
mttarjeta_visa_debitos_automaticos	0.004377970208874906	0.004011342622754315	0.008521677622544806
ctransferencias_recibidas	0.004326156228703089	0.005040317604408565	0.0077629657730068505
ctransferencias_emitidas	0.004259354700844665	0.006698498723541371	0.006113162662683429
Master_msaldototal	0.004052550664293076	0.005138854541581548	0.006138848220089662
ctrx_quarter_delta_lag_pond	0.0035992390864095693	0.006001862747726253	0.0045779566546339705
ccuenta_debitos_automaticos	0.0035791660453912424	0.00573896325480683	0.004815054107614582
Visa_mconsumosdolares	0.0034672314890146112	0.004424965616494205	0.0049928771973500406
ccallcenter_transacciones	0.0034608379085486834	0.007826085797063074	0.0024796441957555602
Master_msaldopesos	0.0034449493778128306	0.0039335615095435475	0.005968928378786891
catm_trx	0.0034140856933473364	0.004800932873798616	0.0044989241703071005
mrentabilidad_annual_delta_lag_pond	0.003410291646092876	0.005717366364194219	0.004647110078419983
cpagomiscuentas	0.0034039184982558226	0.0031396868701192896	0.005164772850760984
matm	0.003403212449046569	0.003540618043481107	0.005101546863299488
mcuenta_corriente_lag_pond	0.003387177353327104	0.0029130411456196378	0.0031751300578320204
mpasivos_margen_lag_pond	0.0033503771494360047	0.003474310673802844	0.004639206829987296
ccaja_seguridad	0.0033464413607756567	0.008917504245774564	0.0010689143505209229
mcuenta_corriente_delta_lag_pond	0.0033115925280426616	0.00324610810553736	0.0031316621914522415
mrentabilidad_delta_lag_pond	0.0032777613782110806	0.00896191952861624	0.00446533536446818
cliente_edad_lag_pond	0.003183054745990587	0.006701941759873359	0.00470045700534062
mcuentas_saldo_delta_lag_pond	0.0030579273172589047	0.006355654328138106	0.004321101080571642
ctarjeta_visa_debitos_automaticos	0.003038486472314025	0.005589117446658747	0.005862234524945616
cproductos_delta_lag_pond	0.0030255114295242237	0.007276473047389791	0.0010076641751675982
mactivos_margen_delta_lag_pond	0.0029969130514394173	0.006336070061216907	0.003882470792557511
Master_mpagominimo	0.002892303844713407	0.002832788869948665	0.004927675397780372
Master_mpagospesos	0.002768991101456208	0.005465811234573782	0.004882231719292422
mactivos_margen_lag_pond	0.002704172714805887	0.0033177780004973938	0.0040029953311559886
chomebanking_transacciones_delta_lag_pond	0.0025799471985329388	0.0069107933261680745	0.003941745155802664
mcomisiones_lag_pond	0.0025685143980214843	0.003241492465706585	0.003955575840559866
ctarjeta_master	0.002556443108762983	0.0008717217746071302	0.0008891154486772926
mcomisiones_otras_lag_pond	0.0025520460888708617	0.0027863914058234647	0.0037520671934181747
mrentabilidad_lag_pond	0.0025443263365940508	0.003063741814634189	0.003584123164223575
cdescubierto_preacordado	0.00252748210741646	0.0029806551605239136	0.0010965757200353276
Visa_fechaalta_lag_pond	0.0025033442532374764	0.0027186501987337373	0.0039022289136392287
ccomisiones_mantenimiento_delta_lag_pond	0.0024807808842208894	0.0025975498244977394	0.0007843974069441892
mtarjeta_master_consumo	0.002378437273127019	0.003184828204389064	0.0030506538950171996
Master_Fvencimiento_lag_pond	0.0023611202354455107	0.0026813832689264864	0.003698720266497537
ccajas_transacciones	0.0023607061455424606	0.001062686999280528	0.0006658486804538836
mcaja_ahorro_dolares_delta_lag_pond	0.0023532456962615618	0.006068216161546444	0.002756257890899607
cliente_antiguedad_lag_pond	0.0023514430364272175	0.003284902197762753	0.004064245506509313
Master_fultimo_cierre	0.0023470848709905194	0.0024481363936741727	0.004473238612900867
ctarjeta_debito	0.002343580359943288	0.002177590719218852	0.004570053406201284
mcaja_ahorro_delta_lag_pond	0.0022018584617668666	0.0028753252854285824	0.0033727112686491967
Visa_fultimo_cierre	0.0021999700344997293	0.002095162572444176	0.004174890984566932
Visa_Fvencimiento_lag_pond	0.002199400475344396	0.0031677608586724235	0.0034458163166515518
mpayroll_lag_pond	0.002182601162540517	0.002960729367839235	0.00294988747750044
Master_mconsumospesos	0.00214922841587185	0.002914962346954864	0.004091906876023717
chomebanking_transacciones_lag_pond	0.0021475553030969865	0.0034753642665132983	0.003609808721629808
Visa_mpagominimo_lag_pond	0.0021434579535272278	0.0023800946629390883	0.00362363940638701
Master_fechaalta_lag_pond	0.0021103274402039895	0.002588706685536746	0.003813317368771499
cpayroll_trx_lag_pond	0.00209480006332894	0.0019965252704576913	0.0013139150519342212
ctarjeta_master_transacciones	0.0020831149493303436	0.0024964729440492325	0.002331458287642678
thomebanking	0.0020710131659977095	0.0026010565996212403	0.002094360834662067
mpasivos_margen_delta_lag_pond	0.002053514439564949	0.003999747775517936	0.0033904935776227422
Master_mfinanciacion_limite_lag_pond	0.002028302128538089	0.002006752207122186	0.00299533115598839
mcomisiones_otras_delta_lag_pond	0.001989194241684398	0.0027126887190767955	0.003479405122490472
mcomisiones_delta_lag_pond	0.0019486133201862181	0.002384508716950138	0.003202791427346425
Master_mconsumototal	0.001907426352203554	0.002792772990709243	0.0034655744377332692
Visa_msaldopesos_lag_pond	0.0018705141125064093	0.0027599873736079673	0.003536703673627453
cmobile_app_trx	0.0018507058025302207	0.0018616107974503723	0.002787870884630355
Visa_mpagosdolares	0.001841088106750029	0.0013583739168191956	0.0019244409933592956
cproductos_lag_pond	0.0017876836807942842	0.0018904911292824055	0.002044965531957773
Visa_madelantodolares	0.0017628673868548517	0.0005188906521641025	0.0008100829643504222
Visa_mpagospesos_lag_pond	0.0017533388118159503	0.0028697706875795517	0.003507066492004876
ccaja_ahorro	0.0017143874022127435	0.0056763365625071205	0.0015707706259965501
mcomisiones_mantenimiento_delta_lag_pond	0.001709558252837499	0.0022721862207632274	0.0010076641751675982
Visa_msaldototal_lag_pond	0.0016721566983749112	0.0028477863221940576	0.003109928258262352
Master_mlimitecompra_lag_pond	0.0016368944264755871	0.00241725247574057	0.002979524659123016
Visa_mpagospesos_delta_lag_pond	0.0016305070179119467	0.0020045932696078693	0.003094121761396978
mtransferencias_recibidas_lag_pond	0.0015911662356708227	0.0030318515848548814	0.0029162986716615197
Visa_msaldototal_delta_lag_pond	0.0015897654840500237	0.002432070412911956	0.0027997257572793858
mcomisiones_mantenimiento_lag_pond	0.001577087165055311	0.006303061834007959	0.002303796918128274
Visa_mpagado	0.0015395676948219664	0.004290447180186988	0.001556939941239348
Master_cconsumos	0.0015234634228568178	0.0017484662611179952	0.0029242019200942065
Visa_mfinanciacion_limite_lag_pond	0.001513643001669354	0.0020402933667342	0.00268117703078908
Visa_mpagominimo_delta_lag_pond	0.001506915646081042	0.002904768706673995	0.0026337575401929577
Visa_msaldopesos_delta_lag_pond	0.0015004480641964528	0.002547106944894493	0.0027206932729525153
mtransferencias_recibidas_delta_lag_pond	0.001489867178676182	0.002090540368469201	0.002509281377378137
Visa_mconsumospesos_lag_pond	0.001467428692634105	0.0025453350064904364	0.002922226107986035
Visa_mconsumototal_lag_pond	0.0014628662819178475	0.0025529910818088974	0.0028234355025774467
tmobile_app	0.001447515747581035	0.005505639227077028	0.0006974616741846318
ctransferencias_recibidas_lag_pond	0.0014264847122234998	0.003220295892757685	0.001871094066438658
Visa_mlimitecompra_lag_pond	0.001416724227987628	0.0020736210489609094	0.0025942412980295227
Visa_mconsumospesos_delta_lag_pond	0.0013887022954525363	0.001895512889860894	0.0026199268554357555
internet_delta_lag_pond	0.0013786222292963414	0.002544207020145709	0.0006994374862928035
tcallcenter	0.0013579115148107939	0.0017751966930255533	0.0010906482837108123
mautoservicio_lag_pond	0.001335019020805573	0.00268580559946718	0.0033331950264857612
mtarjeta_visa_consumo_lag_pond	0.0013338619155209097	0.0014966760590291585	0.0026298059159766143
ctarjeta_visa_transacciones_lag_pond	0.001323265116601746	0.0015722943342920998	0.0025211362500271676
Visa_mconsumototal_delta_lag_pond	0.0013022429641794848	0.001833306112524972	0.0025013781289454497
mtarjeta_visa_consumo_delta_lag_pond	0.0012708665004962224	0.0018115707089564768	0.0022208128095850595
Visa_cconsumos_lag_pond	0.0012519300862250222	0.0015892029989576309	0.0023235550392099913
ccomisiones_otras_lag_pond	0.0012252162841745707	0.001993412058588651	0.0024025875235368617
mpayroll_delta_lag_pond	0.001192860194153997	0.0046297185882295975	0.0016991984130277147
mtransferencias_emitidas_delta_lag_pond	0.0011815669007876667	0.002945054667150887	0.0018493601332487686
internet_lag_pond	0.001170626609135516	0.005574649026382911	0.0008910912607854643
mttarjeta_visa_debitos_automaticos_lag_pond	0.0011686727714682965	0.0013626380419714033	0.002114118955743785
mcaja_ahorro_dolares_lag_pond	0.001125301970751032	0.0013750870841465791	0.002169441694772594
Visa_msaldodolares	0.0010377689903562123	0.0033518709287523553	0.0017110532856767452
ctarjeta_visa_transacciones_delta_lag_pond	0.0010258521413512862	0.0022250256986578415	0.0015608915654556914
mplazo_fijo_dolares	0.001021684441816608	0.005704318367643872	0.001240810003931866
mtransferencias_emitidas_lag_pond	0.0009981381734951967	0.001455258402039078	0.0019896427929289636
mautoservicio_delta_lag_pond	0.0009585536463179287	0.0017742117859978934	0.001837505260599738
Visa_cconsumos_delta_lag_pond	0.000949214360771662	0.001390258914309648	0.0016853677282705124
ctarjeta_debito_transacciones_lag_pond	0.0009301732772412992	0.0016456642474675575	0.002906419611120661
ccallcenter_transacciones_delta_lag_pond	0.0009065977039838352	0.0033365448887668347	0.00100963998727577
matm_other	0.0008833428224239888	0.0018576485277988664	0.0020805301499048647
mcuenta_debitos_automaticos_lag_pond	0.000850478384972398	0.002284965372798925	0.0017169807220012605
ctarjeta_debito_transacciones_delta_lag_pond	0.000837689518089416	0.00136604787705229	0.0014719800205879622
ctransferencias_emitidas_delta_lag_pond	0.0007986335256844103	0.00260620574265023	0.0011025031563598427
ctransferencias_emitidas_lag_pond	0.0007696893277000338	0.0010534617129680313	0.0013613345425303436
Master_msaldopesos_delta_lag_pond	0.0007693906755817425	0.002339714616395322	0.0011993179496602592
Master_mpagominimo_delta_lag_pond	0.0007479209111843285	0.0036999140312299495	0.0013040359913933624
mttarjeta_visa_debitos_automaticos_delta_lag_pond	0.000744773970271073	0.001115327249938048	0.0014423428389653858
Master_mlimitecompra_delta_lag_pond	0.0007416972778124972	0.004384230725633509	0.0011973421375520875
Master_msaldototal_lag_pond	0.0007310087522515906	0.0018147848564341667	0.0012803262460953013
mpagomiscuentas_lag_pond	0.0007145487372513977	0.001443671260537195	0.001466052584263447
Master_mconsumosdolares	0.0007138914780843314	0.001518871428354317	0.0014640767721552752
mextraccion_autoservicio_lag_pond	0.0007060599187414104	0.0013176941076902694	0.001448270275289901
Master_madelantopesos	0.0007016087002194354	0.0004241898389149443	0.0009266558787325561
ctransferencias_recibidas_delta_lag_pond	0.0006957087423148469	0.0012366465241132561	0.0012032695738766026
catm_trx_other	0.0006870204027809226	0.0016826142908352125	0.0016379482376743901
ccomisiones_mantenimiento_lag_pond	0.000686828820071226	0.0007652956874303029	0.000877260576028262
Master_msaldopesos_lag_pond	0.0006615341612373726	0.0015306087841126161	0.0012210518828501486
ccomisiones_otras_delta_lag_pond	0.000658333098976426	0.0012847843426443302	0.0010787934110617816
Master_mpagosdolares	0.000647884938405221	0.0019425089278311666	0.001282302058203473
Master_msaldototal_delta_lag_pond	0.0006266363254681825	0.0017023301260379977	0.00107681759895361
ccajas_consultas_delta_lag_pond	0.0006179822011458621	0.002276804238907118	0.00037738011266080643
mextraccion_autoservicio_delta_lag_pond	0.0006159749791683232	0.0020278971231102033	0.001165729143821339
Master_msaldodolares	0.0006139648324122725	0.0025552976650014643	0.0009009703213263231
ctarjeta_master_delta_lag_pond	0.0005953309181756177	0.000247173230402717	8.891154486772925e-05
Master_mfinanciacion_limite_delta_lag_pond	0.0005768668686883182	0.0016848531396702314	0.0010116157993839419
ctarjeta_visa_debitos_automaticos_lag_pond	0.0005585358464389625	0.000802891490375255	0.001027422296249316
matm_lag_pond	0.0005565938742634012	0.00110999098123308	0.0012783504339871296
Master_mpagominimo_lag_pond	0.000544063979854736	0.0011285785446935636	0.0011025031563598427
Master_mpagospesos_lag_pond	0.0005206901149370185	0.0017283933935502134	0.000902946133434495
matm_delta_lag_pond	0.0004959012008006779	0.002073257832981811	0.0009444381877061019
mttarjeta_master_debitos_automaticos	0.0004946480622688793	0.0010533299544213967	0.0008495992065138574
Visa_mconsumosdolares_lag_pond	0.0004938485674417494	0.0007973175806237211	0.000902946133434495
cextraccion_autoservicio_delta_lag_pond	0.00048773177248266446	0.0013042054572857621	0.0008792363881364337
minversion2	0.0004868532531917989	0.0069720949175319895	0.0005571790145044367
tcuentas	0.0004819041275409698	0.0016330666082888846	0.0005058078996919709
Visa_mconsumosdolares_delta_lag_pond	0.0004679117823011748	0.0011197561446229427	0.0008851638244609491
tcallcenter_delta_lag_pond	0.0004613212709243081	0.0007759967645976331	0.00041096891849972636
mpagomiscuentas_delta_lag_pond	0.00045836436515249164	0.002029387564373832	0.0008910912607854643
cextraccion_autoservicio_lag_pond	0.0004519437909881153	0.0005608503742796159	0.0010945999079271557
ctarjeta_debito_lag_pond	0.00044979221253678366	0.0009933591719447543	0.0008021797159177351
cpagomiscuentas_lag_pond	0.0004459386539025064	0.0009469791170715645	0.0009819786177613654
Master_cadelantosefectivo	0.0004360937860822602	0.00035524644211126506	0.0007626634737542999
matm_other_delta_lag_pond	0.00043458501714521496	0.0014785551206020634	0.000711292358941834
cplazo_fijo	0.0004288545027802972	0.0023057712364691037	0.0005571790145044367
Master_mconsumospesos_delta_lag_pond	0.00042399799227991667	0.0008762069877466152	0.0006777035531029141
catm_trx_lag_pond	0.0004224685623089718	0.0007074758513359068	0.0009444381877061019
Master_status_delta_lag_pond	0.00042107027221434477	0.0003375628278999677	0.0002094360834662067
catm_trx_other_delta_lag_pond	0.00042018121522631804	0.0037412990577640765	0.0006618970562375401
Master_mpagado	0.0003980975196062825	0.001193891303826653	0.0008476233944056856
Visa_mfinanciacion_limite_delta_lag_pond	0.0003970589909492039	0.0009260905832374679	0.0005828645719106695
Master_madelantodolares	0.00039654811661587287	0.0003434369758992843	0.000835768521756655
Master_mpagospesos_delta_lag_pond	0.0003918324095322648	0.0011898054570256317	0.0007745183464033305
Master_delinquency	0.00038351423572501167	0.0003726099353771286	0.0005591548266126084
ccuenta_debitos_automaticos_lag_pond	0.00037445249684268245	0.0007146241092378074	0.001019519047816629
Master_fechaalta_delta_lag_pond	0.000366620253169958	0.00209204146457559	0.0006757277409947423
Master_mconsumototal_lag_pond	0.0003657479809548587	0.0006998399441126708	0.0006856068015356012
thomebanking_lag_pond	0.0003585468766460375	0.0005025034088661562	0.0005769371355861543
catm_trx_delta_lag_pond	0.0003556857653324884	0.0022554212062099116	0.0007290746679153799
Master_Fvencimiento_delta_lag_pond	0.0003550319242107423	0.0009179091861179118	0.0005947194445597001
matm_other_lag_pond	0.00035450392098346494	0.0007108434475758506	0.000571009699261639
mcaja_ahorro_adicional	0.0003538438559816267	0.004023589603447143	0.00045246097277133334
cseguro_accidentes_personales	0.0003525402102178592	0.0009592967812302042	0.0006065743172087308
mtarjeta_master_consumo_delta_lag_pond	0.00035186439452466914	0.0011857483402470538	0.0006065743172087308
cmobile_app_trx_lag_pond	0.00035082174481858107	0.00035690631440128847	0.000604598505100559
Master_mconsumospesos_lag_pond	0.0003494741122829204	0.0008147404365849638	0.0006698003046702271
ccaja_ahorro_lag_pond	0.0003490215850573679	0.0008533484495921493	0.00048209815439390974
Visa_Finiciomora	0.0003477249955670399	0.005222471559516726	0.000488025590718425
mcheques_depositados	0.0003470826826477624	0.001959312661322013	0.00030822668887479476
Visa_Fvencimiento_delta_lag_pond	0.00034010423072001306	0.0009324307854750255	0.0005196385844491732
mcuenta_debitos_automaticos_delta_lag_pond	0.00032378921516824845	0.0016970567399318206	0.0005769371355861543
Visa_fultimo_cierre_delta_lag_pond	0.00031759406840678857	0.0002690408681804702	0.00046234003331219214
Master_fultimo_cierre_lag_pond	0.0003174132536164622	0.0006970934681261407	0.0005196385844491732
thomebanking_delta_lag_pond	0.00031706988123204904	0.0012799613139098272	0.0004485093485549898
Visa_fultimo_cierre_lag_pond	0.000316856760625347	0.00041748261539730256	0.0005374208934227191
Visa_mpagosdolares_delta_lag_pond	0.00031660005956122433	0.001595336383086608	0.0005690338871534673
mtarjeta_master_consumo_lag_pond	0.0003162498489666053	0.0009138055495347819	0.0006223808140741049
cseguro_vivienda	0.00031511011419863016	0.0015839778450414492	0.0005117353360164862
cseguro_vida	0.0003066681177024427	0.0008749121389536584	0.00037540430055263467
cpayroll_trx_delta_lag_pond	0.0003065243356428551	0.0015608433274329851	0.00044653353644681805
cpagomiscuentas_delta_lag_pond	0.0003061550186426284	0.0008029848153819327	0.0005611306387207802
Visa_mlimitecompra_delta_lag_pond	0.0003043593451208661	0.0008776073385094043	0.0005334692692063756
Visa_fechaalta_delta_lag_pond	0.00029942810397926424	0.0012634478297516756	0.0004959288391511121
Visa_delinquency	0.000293954897778559	0.0004184135822834884	0.000438630288014131
Visa_mpagosdolares_lag_pond	0.0002895092374473699	0.0012941339671665392	0.0005097595239083144
Master_mconsumototal_delta_lag_pond	0.00027874516369783144	0.0005499856691698945	0.000513711148124658
tmobile_app_delta_lag_pond	0.00027552834429136244	0.0017981255341157328	0.00029834762833393596
mplazo_fijo_dolares_delta_lag_pond	0.00027202957789789856	0.003742634528145057	0.00046234003331219214
Visa_mpagado_delta_lag_pond	0.0002718605372548987	0.003037898493518955	0.00044653353644681805
ccaja_seguridad_lag_pond	0.0002686734682139973	0.0008816163182305115	0.00015213753232922562
ccheques_emitidos	0.00026722158083192736	0.0023144609266678435	0.00023709745298061135
Master_cconsumos_lag_pond	0.00026134305933472657	0.0008181235394264249	0.0005018562754756274
ccajas_transacciones_delta_lag_pond	0.00025797069013226264	0.0018758797248220262	0.0003161299373074818
ccheques_depositados	0.0002560868821102122	0.0014764087405810004	0.00018770215027631734
mforex_sell	0.0002475516651356374	0.00447155239434345	0.0003675010521199476
ccajas_extracciones	0.00024629082819081733	0.004253976604743548	0.0004583884090958486
ctarjeta_visa_debitos_automaticos_delta_lag_pond	0.00024346480943189067	0.0007782322837942895	0.0004939530270429404
ctarjeta_master_debitos_automaticos	0.00023053380337435459	0.0005825601871989813	0.00046234003331219214
Master_status_lag_pond	0.00022216430433177884	0.001740503098009977	0.00020548445924986318
ccallcenter_transacciones_lag_pond	0.0002219049793235811	0.001218779018731818	0.0003418154947137147
ccajas_extracciones_lag_pond	0.00022072728922953663	0.0045245360734149425	0.00036947686422811934
ctarjeta_master_transacciones_lag_pond	0.0002186012661970732	0.0006844480724200956	0.00044653353644681805
ccajas_otras	0.00021699565239033977	0.0009827662604579468	0.0001837505260599738
Visa_mpagado_lag_pond	0.00021414712741665788	0.0008776979046728673	0.00032798480995651236
mcheques_emitidos	0.0002071196324555005	0.0016061864377875336	0.00019758121081717614
cdescubierto_preacordado_delta_lag_pond	0.00020514065281112748	0.0016726239487595126	0.0001679440291945997
Visa_status_delta_lag_pond	0.00019669740463500713	0.0002019745312205812	0.00017189565341094322
ccajas_consultas_lag_pond	0.0001911751770815711	0.0014635774559217968	0.000256855574062329
Master_cconsumos_delta_lag_pond	0.00018306790180565665	0.0010223430079636024	0.00039121079741800876
Master_fultimo_cierre_delta_lag_pond	0.0001751513194211058	0.00022281045676854848	0.00033983968260554293
catm_trx_other_lag_pond	0.00017036725790590094	0.00032780774855771733	0.0002963718162257642
Visa_msaldodolares_lag_pond	0.00016543207036733828	0.00035744466935826017	0.00033391224628102765
ccajas_depositos	0.00016520277200271177	0.0014663590358099214	0.0002469765135214702
ctarjeta_master_transacciones_delta_lag_pond	0.00016051624151488514	0.0007730741983079833	0.00026871044671135955
cplazo_fijo_delta_lag_pond	0.0001572454305985814	0.0021046620306927025	0.00021338770768255022
cliente_antiguedad_delta_lag_pond	0.0001513149551000084	0.00038450568678896326	0.0002706862588195313
tmobile_app_lag_pond	0.0001508664581765637	0.0009989185264200175	0.00015213753232922562
cforex_buy	0.0001377018601535828	0.001572613028249664	0.00011657291438213391
mtarjeta_visa_descuentos	0.00013635320625859834	0.0004925124008627837	0.00024302488930512663
ccajas_otras_delta_lag_pond	0.00013379459900114322	0.002034200413928198	0.0002351216408724396
Visa_msaldodolares_delta_lag_pond	0.00012727423920159563	0.0005296790609890576	0.00026278301038684427
ccajeros_propios_descuentos	0.00012706541808658474	0.0014569513804476783	0.00022721839243975255
mttarjeta_master_debitos_automaticos_delta_lag_pond	0.00012120574115601428	0.0009538032584619962	0.0002351216408724396
minversion1_pesos	0.00011586539743767888	0.001995614757064304	0.00017979890184363027
ccajas_transacciones_lag_pond	0.00011315254993828667	0.0006221896381232909	0.00016399240497825618
cseguro_vivienda_lag_pond	0.00011059109549641863	0.0004011513100238481	0.00020548445924986318
ctarjeta_visa_delta_lag_pond	0.00010761965307296855	7.111108651026306e-05	4.9395302704294035e-05
mforex_buy	0.00010534337413397781	0.001377422968156737	9.879060540858807e-05
cdescubierto_preacordado_lag_pond	0.00010205485801680719	0.00017929075151388996	0.00015608915654556914
mplazo_fijo_dolares_lag_pond	0.0001007529990796784	0.00032765800996392453	0.00018770215027631734
cliente_edad_delta_lag_pond	0.0001005794953060834	0.00019766959421530032	0.00020746027135803494
active_quarter_lag_pond	9.66159125870961e-05	0.00013647150703819993	0.00021141189557437846
cseguro_auto_lag_pond	9.202864188615418e-05	0.0020594800748349046	0.00018770215027631734
cseguro_accidentes_personales_lag_pond	8.157572109021878e-05	0.00018131992826458918	0.00016201659287008442
cforex	7.680765208912538e-05	0.0004373676913614331	0.0001383068475720233
mttarjeta_master_debitos_automaticos_lag_pond	7.145441297451224e-05	0.0002189554966048432	0.00016991984130277146
cinversion2	7.07588390910491e-05	0.000862576399615336	0.0001126212901657904
Master_mpagado_lag_pond	7.062805896521131e-05	0.00018846485652812713	0.00014028265968019506
Visa_status_lag_pond	7.029200201187233e-05	0.0006663371229080884	0.00010669385384127511
ccuenta_debitos_automaticos_delta_lag_pond	6.676717433281298e-05	0.00021129599651549503	0.00013040359913933625
ctarjeta_visa_lag_pond	6.451998813536693e-05	8.955576091872845e-05	9.879060540858807e-05
cmobile_app_trx_delta_lag_pond	6.073914930755349e-05	0.00020945061580241188	0.0001225003507066492
tcallcenter_lag_pond	5.891203597818951e-05	0.00017488602049025543	0.00010669385384127511
Master_mpagosdolares_lag_pond	5.83366001168072e-05	6.860995730479501e-05	0.00013040359913933625
Master_mconsumosdolares_lag_pond	5.8090832064676777e-05	8.521429302398351e-05	0.00013435522335567977
ccuenta_corriente	5.680446729784676e-05	8.856219683132561e-05	0.0002094360834662067
ctarjeta_master_lag_pond	5.583682216373339e-05	8.488618094647945e-05	9.483898119224455e-05
Master_mpagado_delta_lag_pond	5.577185085859063e-05	0.0005429469088038616	0.00014028265968019506
foto_mes	5.270278359611236e-05	8.313659868571484e-05	0.00020350864714169142
Master_delinquency_lag_pond	5.1238731734616096e-05	3.6802968484552223e-05	8.100829643504221e-05
mtarjeta_visa_descuentos_delta_lag_pond	4.930170435639509e-05	0.00015745631498723822	0.00011064547805761863
ctarjeta_visa_descuentos	4.899026966508801e-05	0.00017911057051221043	9.088735697590101e-05
Master_msaldodolares_delta_lag_pond	4.647793466515511e-05	6.156349120426568e-05	0.00012052453859847744
Visa_delinquency_delta_lag_pond	4.645708816511168e-05	2.024524770244027e-05	5.1371114812465795e-05
cseguro_vida_lag_pond	4.553939898032292e-05	9.594638339434826e-05	0.0001284277870311645
Master_madelantopesos_lag_pond	4.362967813365721e-05	4.192090804545782e-05	8.693573275955749e-05
Visa_madelantopesos_delta_lag_pond	4.333099572308331e-05	4.29552839859338e-05	0.00011064547805761863
Visa_delinquency_lag_pond	4.1900953965957595e-05	5.313151501479196e-05	6.915342378601165e-05
cinversion1	4.1416201572844914e-05	0.0006893679460646883	8.298410854321397e-05
Master_msaldodolares_lag_pond	4.1166539895971746e-05	4.5108037886148174e-05	8.891154486772925e-05
ctarjeta_master_debitos_automaticos_lag_pond	3.918251599399918e-05	0.00020757564887416384	0.00010076641751675983
Visa_madelantopesos_lag_pond	3.74245043498302e-05	2.6816336577313545e-05	7.705667221869869e-05
Master_mpagosdolares_delta_lag_pond	3.733328168288669e-05	4.358601262433679e-05	7.705667221869869e-05
Visa_cadelantosefectivo_lag_pond	3.722393635136032e-05	3.0456487500368156e-05	7.903248432687045e-05
Master_Finiciomora	3.685700749193345e-05	0.0006971171561247775	6.322598746149637e-05
ctarjeta_visa_descuentos_lag_pond	3.5931306387860584e-05	0.00031465891153124555	6.322598746149637e-05
tcuentas_lag_pond	3.580625509901271e-05	0.00020753702506915757	7.903248432687045e-05
Master_Finiciomora_lag_pond	3.4468498465756867e-05	0.0006007049087572378	5.1371114812465795e-05
mprestamos_prendarios	3.4182357893595916e-05	0.00046252282379337817	3.9516242163435225e-05
mcheques_depositados_lag_pond	3.3204532308138895e-05	0.00012225699547064366	5.5322739028809317e-05
ccajas_otras_lag_pond	3.0393711545992983e-05	0.0005276275280950666	6.322598746149637e-05
Visa_madelantodolares_lag_pond	2.8803914642584736e-05	2.1910257148794593e-05	6.12501753533246e-05
Master_mconsumosdolares_delta_lag_pond	2.803091929907029e-05	5.2780475998848206e-05	8.298410854321397e-05
Master_cadelantosefectivo_lag_pond	2.7792221055674e-05	5.299538037202353e-05	6.520179956966813e-05
ctarjeta_visa_descuentos_delta_lag_pond	2.76498250223178e-05	8.513637948629843e-05	6.12501753533246e-05
ccajas_depositos_lag_pond	2.7575278104548145e-05	0.00020250289726246509	5.5322739028809317e-05
mcajeros_propios_descuentos	2.632601526868652e-05	0.00030048597287695957	8.495992065138573e-05
mcaja_ahorro_adicional_lag_pond	2.575403388235046e-05	8.232473772038586e-05	7.112923589418341e-05
ccajas_extracciones_delta_lag_pond	2.5249093134221115e-05	5.884669656542516e-05	5.5322739028809317e-05
Master_delinquency_delta_lag_pond	2.4616990165125615e-05	3.154794295563173e-05	5.1371114812465795e-05
cforex_sell	2.425540444706829e-05	0.00030943851424129623	7.112923589418341e-05
Visa_Finiciomora_lag_pond	2.3833919172479236e-05	0.00010126838222061953	2.3709745298061137e-05
cprestamos_hipotecarios	2.3638393429453478e-05	0.0006214103124813908	4.544367848795051e-05
ctarjeta_master_debitos_automaticos_delta_lag_pond	2.2913560931524214e-05	5.9898576890436e-05	4.7419490596122274e-05
mtarjeta_visa_descuentos_lag_pond	2.2643853772110826e-05	0.00023134470042201666	6.520179956966813e-05
cplazo_fijo_lag_pond	2.199475131002315e-05	0.00010391839382715855	7.310504800235517e-05
mforex_sell_lag_pond	2.097025523634464e-05	0.00013304559456064812	6.12501753533246e-05
mprestamos_hipotecarios	2.0743827563397592e-05	0.0005443859785041816	4.1492054271606986e-05
mcaja_ahorro_adicional_delta_lag_pond	2.024405122531504e-05	6.1422314537691e-05	4.9395302704294035e-05
Visa_madelantodolares_delta_lag_pond	1.9615194896500635e-05	3.0193255804672668e-05	8.693573275955749e-05
Visa_cadelantosefectivo_delta_lag_pond	1.8754503500871063e-05	3.510437725699786e-05	7.310504800235517e-05
ctarjeta_master_descuentos	1.803848574065462e-05	0.0001643078545447679	3.7540430055263465e-05
ccajeros_propios_descuentos_delta_lag_pond	1.749501464399926e-05	4.793813536184208e-05	5.1371114812465795e-05
cliente_vip_lag_pond	1.5854379683766826e-05	1.9296966696768925e-05	5.1371114812465795e-05
ccheques_depositados_lag_pond	1.5628883510739185e-05	1.3884021176936074e-05	3.161299373074818e-05
ccaja_ahorro_delta_lag_pond	1.5596462302086804e-05	7.935574675870878e-06	3.161299373074818e-05
mcheques_depositados_delta_lag_pond	1.5095756009094806e-05	5.3379715771593375e-05	4.1492054271606986e-05
mtarjeta_master_descuentos	1.5026210827072554e-05	0.00012082648769754173	3.3588805838919943e-05
Master_madelantopesos_delta_lag_pond	1.4405824671106107e-05	9.612665952855243e-06	4.3467866379778746e-05
Master_madelantodolares_delta_lag_pond	1.3596463691142274e-05	3.32225607869753e-05	5.3346926920637556e-05
mforex_sell_delta_lag_pond	1.3532525858766417e-05	3.447555126908779e-05	5.729855113698108e-05
ccajeros_propios_descuentos_lag_pond	1.3154271371811142e-05	3.618289468890958e-05	4.3467866379778746e-05
mcajeros_propios_descuentos_lag_pond	1.3135876431289856e-05	2.361132182198975e-05	8.100829643504221e-05
cforex_lag_pond	1.265067099372e-05	7.552999228006983e-05	4.7419490596122274e-05
Master_madelantodolares_lag_pond	1.2231280294366027e-05	1.2361520252501462e-05	3.9516242163435225e-05
cforex_sell_lag_pond	1.219083613339636e-05	3.4711004267586644e-05	3.9516242163435225e-05
ctarjeta_master_descuentos_delta_lag_pond	1.1954489214450692e-05	8.798331541885469e-06	3.161299373074818e-05
ccajas_depositos_delta_lag_pond	1.1795286803242893e-05	4.38248903937229e-05	3.3588805838919943e-05
cforex_sell_delta_lag_pond	1.162690231648999e-05	2.0030343329264954e-05	4.9395302704294035e-05
mcajeros_propios_descuentos_delta_lag_pond	1.139783873080705e-05	2.7839011217258065e-05	4.7419490596122274e-05
Master_cadelantosefectivo_delta_lag_pond	1.1176155956265725e-05	1.3402935999801242e-05	3.161299373074818e-05
cinversion1_lag_pond	1.0698896156105256e-05	5.732495670118771e-06	2.5685557406232898e-05
ccheques_depositados_delta_lag_pond	1.01094735051051e-05	4.494212676316554e-05	3.161299373074818e-05
cseguro_auto	1.0059598346442576e-05	6.0016636353521685e-05	1.7782308973545852e-05
active_quarter_delta_lag_pond	9.556025936629524e-06	6.065174108805839e-06	3.161299373074818e-05
cforex_delta_lag_pond	9.42942922712888e-06	1.6804684816092973e-05	3.7540430055263465e-05
minversion1_pesos_lag_pond	8.828681162313322e-06	6.3455296589376065e-06	2.3709745298061137e-05
mcheques_emitidos_delta_lag_pond	8.798976078690505e-06	3.9619842539320334e-06	2.1733933189889373e-05
ctarjeta_master_descuentos_lag_pond	8.015249186077734e-06	1.3517095029376445e-05	2.5685557406232898e-05
minversion1_pesos_delta_lag_pond	7.156088289206421e-06	6.631307762974195e-06	2.5685557406232898e-05
mtarjeta_master_descuentos_delta_lag_pond	6.908086073149502e-06	4.8677410210866155e-06	2.1733933189889373e-05
cseguro_vida_delta_lag_pond	6.3727526536639395e-06	3.7452723627884414e-06	1.580649686537409e-05
cprestamos_prendarios_lag_pond	6.219484265457759e-06	1.9860817170345776e-06	1.3830684757202329e-05
mpayroll2_delta_lag_pond	6.152983139217325e-06	1.0939289009043737e-06	3.951624216343523e-06
cinversion2_lag_pond	5.896566473737703e-06	2.117031637209799e-05	2.3709745298061137e-05
Visa_Finiciomora_delta_lag_pond	5.528873416639014e-06	0.00020172290569289253	1.3830684757202329e-05
mpagodeservicios_delta_lag_pond	5.341343349203676e-06	2.5348061191927154e-06	1.7782308973545852e-05
ccheques_emitidos_lag_pond	5.327902183060021e-06	3.473402633855098e-05	1.9758121081717613e-05
ccheques_emitidos_delta_lag_pond	5.32273826863726e-06	3.390237780809563e-06	2.1733933189889373e-05
mforex_buy_delta_lag_pond	5.112710664707356e-06	7.696982304058706e-06	1.7782308973545852e-05
mcuenta_corriente_adicional_lag_pond	5.079328496257509e-06	7.981238287700959e-06	3.161299373074818e-05
cprestamos_prendarios	4.964231614218925e-06	1.7331148207483945e-05	3.951624216343523e-06
ccuenta_corriente_lag_pond	4.865145482947219e-06	8.179399336538581e-06	3.5564617947091704e-05
cinversion1_delta_lag_pond	4.853513009014035e-06	2.837137282517709e-06	9.879060540858806e-06
mprestamos_prendarios_delta_lag_pond	4.5997136988556444e-06	3.3572267947574006e-06	1.9758121081717613e-05
cseguro_vivienda_delta_lag_pond	4.474248237577469e-06	2.8440819568168673e-06	1.1854872649030569e-05
mprestamos_hipotecarios_delta_lag_pond	4.129788673516742e-06	2.219061269892636e-06	1.1854872649030569e-05
cliente_vip_delta_lag_pond	4.080516381042322e-06	4.725708161790135e-06	2.1733933189889373e-05
mpagodeservicios_lag_pond	4.03554102556937e-06	3.0736367387876692e-06	1.3830684757202329e-05
minversion2_lag_pond	3.965058983374417e-06	2.0092179470284852e-05	1.9758121081717613e-05
ccuenta_corriente_delta_lag_pond	3.961542869030091e-06	6.317655829216327e-06	1.7782308973545852e-05
mtarjeta_master_descuentos_lag_pond	3.906644700800943e-06	2.7441928059385654e-06	1.1854872649030569e-05
mprestamos_prendarios_lag_pond	3.8596431554651916e-06	5.857880337602201e-05	1.580649686537409e-05
cprestamos_hipotecarios_delta_lag_pond	3.802626894376171e-06	2.451850557701402e-06	7.903248432687046e-06
minversion2_delta_lag_pond	3.6510497897632283e-06	3.252048275508781e-05	1.9758121081717613e-05
mprestamos_hipotecarios_lag_pond	2.9910937504333785e-06	1.3576362592230903e-06	5.927436324515284e-06
cforex_buy_delta_lag_pond	2.886817001934115e-06	3.225468248122688e-06	1.1854872649030569e-05
ctarjeta_debito_delta_lag_pond	2.871043606158734e-06	2.6886354115453005e-06	9.879060540858806e-06
cprestamos_prendarios_delta_lag_pond	2.5701095353273754e-06	5.2117402302065575e-06	1.580649686537409e-05
mcheques_emitidos_rechazados_delta_lag_pond	2.4583392036564144e-06	2.9836413704725517e-06	3.951624216343523e-06
cpagodeservicios_lag_pond	2.3305449464190303e-06	2.4214081498146814e-06	1.1854872649030569e-05
mcheques_emitidos_lag_pond	2.0913743968833053e-06	1.9953095719252398e-06	7.903248432687046e-06
cprestamos_hipotecarios_lag_pond	1.865952478124373e-06	9.658805227308554e-07	5.927436324515284e-06
tcuentas_delta_lag_pond	1.8264166470566332e-06	3.3082335445647093e-06	9.879060540858806e-06
cseguro_accidentes_personales_delta_lag_pond	1.731777356064341e-06	4.782312013954506e-07	3.951624216343523e-06
minversion1_dolares_lag_pond	1.7266941193529164e-06	1.6769961444597182e-06	5.927436324515284e-06
ccheques_emitidos_rechazados_delta_lag_pond	1.6071626060165855e-06	8.412569154445932e-07	5.927436324515284e-06
mcuenta_corriente_adicional_delta_lag_pond	1.5204273809734222e-06	1.8158896304428806e-06	7.903248432687046e-06
mcheques_depositados_rechazados_delta_lag_pond	1.4850458614463684e-06	1.1959109673248875e-06	5.927436324515284e-06
ccheques_depositados_rechazados_lag_pond	1.4539475410873475e-06	1.3649614636208325e-06	5.927436324515284e-06
cpagodeservicios_delta_lag_pond	1.0057366929142008e-06	3.1371852652511982e-06	5.927436324515284e-06
ccheques_emitidos_rechazados_lag_pond	9.466952654561826e-07	2.066278435311157e-07	1.9758121081717614e-06
minversion1_dolares_delta_lag_pond	9.237329496540049e-07	1.6985912275543606e-06	1.9758121081717614e-06
mplazo_fijo_pesos_lag_pond	8.102058229541227e-07	1.174601281804183e-06	7.903248432687046e-06
cseguro_auto_delta_lag_pond	5.721864252854609e-07	9.916614369099218e-07	5.927436324515284e-06
mcheques_depositados_rechazados_lag_pond	4.921306519260641e-07	2.0215661487275364e-07	1.9758121081717614e-06
mcheques_emitidos_rechazados_lag_pond	4.896085057766711e-07	1.388649462257687e-06	5.927436324515284e-06
ccaja_seguridad_delta_lag_pond	4.3120507616913563e-07	1.2215016164546619e-06	5.927436324515284e-06
mplazo_fijo_pesos_delta_lag_pond	2.9507316863047435e-12	2.482388098112769e-06	5.927436324515284e-06
cpayroll2_trx_lag_pond	2.3366917830966588e-14	4.7052546689912445e-07	1.9758121081717614e-06
ccheques_depositados_rechazados_delta_lag_pond	9.633933940717817e-15	2.273667339039441e-07	1.9758121081717614e-06
