Feature	Gain	Cover	Frequency
ctrx_quarter	0.11069596070705176	0.024022320295344197	0.014105147462905294
ctrx_quarter_lag1	0.07147513276652298	0.014627505024089417	0.011296330219209868
mcuentas_saldo	0.04481836341022031	0.013438845839519997	0.013372412529767357
cpayroll_trx	0.031857741124954764	0.014399128790963835	0.00338889906576296
mpasivos_margen	0.03171774285046398	0.008528945889436448	0.009433962264150943
mcaja_ahorro	0.03108665806602977	0.009245260384922096	0.011845881419063321
cproductos	0.024385097483598316	0.018172088848877343	0.00931183977529462
mpayroll	0.021389799877097795	0.018276844116272825	0.007266288086951212
mtarjeta_visa_consumo	0.01916658300985599	0.009578348671245112	0.011143677108139464
mpasivos_margen_lag1	0.017876998543330136	0.006289172910904464	0.00928130915308054
Visa_msaldopesos	0.015669507115951806	0.008587231039051495	0.011296330219209868
cpayroll_trx_lag1	0.015408623946088638	0.006661856206187471	0.0030225315991939915
Visa_mpagominimo	0.013492451006192235	0.009583893593031937	0.012578616352201259
mrentabilidad_annual_lag1	0.012541761189251528	0.011403228886552291	0.01270073884105758
cproductos_delta1	0.011740220007160853	0.017093209932669984	0.0035720827990474444
ctarjeta_visa_transacciones	0.011365795962530945	0.005721435580520698	0.006991512487024486
mrentabilidad_annual	0.010743270533290206	0.007745899219061372	0.011571105819136594
mpayroll_lag1	0.010687011208326791	0.007883232590009065	0.0076021249313061
Master_status	0.00984314364018536	0.0033328410065791322	0.0010685717774928253
ccomisiones_mantenimiento_delta1	0.009467473117245703	0.00853968596809466	0.0032057153324784758
mcuenta_corriente_delta1	0.00850347507710489	0.0034226509136690113	0.005159675154179642
mcuenta_corriente	0.008215691873937413	0.002979978173318833	0.006564083776027355
Visa_msaldototal	0.008171683232443423	0.0062839129327360065	0.007785308664590584
mcuenta_corriente_lag1	0.0081316016945583	0.004908579216155758	0.008487512975514441
mcuentas_saldo_lag1	0.007698725976336587	0.005580216983079899	0.009403431641936863
Visa_status	0.007621780463720901	0.008079333218968759	0.001953959821701166
ctrx_quarter_delta1	0.007290058125937289	0.009941766572378238	0.010685717774928253
mrentabilidad_annual_delta1	0.007103115950862193	0.007803341691814516	0.010685717774928253
internet	0.0069834216290551535	0.008946323469048919	0.002992000976979911
mactivos_margen_delta1	0.006783544674466511	0.00934391839906197	0.009556084753007267
mrentabilidad_delta1	0.006745654684609882	0.013595320399314855	0.011113146485925382
mactivos_margen	0.006578204839851327	0.00778204249395241	0.008548574219942602
Visa_fechaalta_lag1	0.006477193195238585	0.00525019285348711	0.010105635952860719
cliente_edad	0.006376728736843687	0.009183314182466306	0.01224277950784637
mautoservicio	0.006376039113743627	0.011052016295479888	0.011326860841423949
mactivos_margen_lag1	0.005917822847610065	0.007310747099614952	0.008060084264517311
cliente_edad_lag1	0.0058056784129870845	0.008018686143341738	0.011296330219209868
Master_fechaalta_lag1	0.0057350872651139315	0.006355482396919249	0.013769310618550405
mrentabilidad_lag1	0.0055392955719104865	0.0049420486125426755	0.00842645173108628
mcuentas_saldo_delta1	0.005327504551795265	0.010458072254868373	0.00842645173108628
Visa_mpagospesos	0.005256739298406334	0.003411474641699268	0.0061366550650302255
mcomisiones_mantenimiento	0.005191466770437394	0.005690889894720355	0.005190205776393723
ccajas_consultas	0.005154311332577881	0.008145846621980575	0.0020455516883434084
mcaja_ahorro_dolares_delta1	0.005091578897856711	0.012226543086844455	0.006838859375954082
Master_Fvencimiento	0.004949632332851708	0.00708733239660257	0.009006533553153813
mcomisiones_otras_lag1	0.004868388846479144	0.0071621955929431595	0.010258289063931123
Master_Fvencimiento_lag1	0.004858093390863789	0.005504246422914372	0.008792819197655248
ccomisiones_mantenimiento	0.0048544451504275695	0.010294181058333806	0.0042437564877572205
mcaja_ahorro_lag1	0.0047330996736960574	0.006655256587879576	0.011845881419063321
Visa_Fvencimiento_lag1	0.004594932303845933	0.005119078275727029	0.008365390486658119
mcomisiones_otras	0.004589484046683954	0.00528344077710904	0.008243267997801795
ctarjeta_debito_transacciones	0.0044394586586213244	0.006941969287480386	0.009922452219576236
mrentabilidad	0.004423290679102134	0.004129446131591257	0.007235757464737131
Master_fechaalta	0.004147289796494932	0.004706866143224789	0.010655187152714173
numero_de_cliente	0.004093844251977013	0.004609387066425367	0.00885388044208341
mtransferencias_recibidas	0.0040895679314585445	0.005587152861866343	0.007663186175734261
chomebanking_transacciones_delta1	0.003933406075427093	0.008051189972491057	0.007327349331379373
Master_status_delta1	0.003841731783401447	0.0008116652730312871	0.0006411430664956952
Visa_mpagominimo_lag1	0.003830785986427063	0.004631828739648326	0.007846369909018746
mcomisiones	0.003682686861025368	0.006143847614205571	0.00891494168651157
Visa_msaldopesos_lag1	0.0036804985170541477	0.0058598060922215025	0.006045063198387983
mpasivos_margen_delta1	0.003586898968244022	0.0038600582740759767	0.0073578799535934545
chomebanking_transacciones_lag1	0.0035862245644079065	0.005302893918448353	0.008212737375587715
mcaja_ahorro_delta1	0.003533342417691742	0.004776879896278362	0.007388410575807535
mpayroll_delta1	0.003528398392434483	0.013347266851197595	0.0069609818648104045
Visa_Fvencimiento	0.0034790240879332174	0.003480248687446385	0.007205226842523051
mcomisiones_lag1	0.003449069211739947	0.005068913344013632	0.007907431153446907
Visa_mpagospesos_delta1	0.003414864518495723	0.004168052615770938	0.008090614886731391
mcuenta_debitos_automaticos	0.003335245394888122	0.010916380432249205	0.005373389509678207
Visa_fechaalta	0.0033344861016955216	0.002900234473486381	0.00674726750931184
Master_mfinanciacion_limite_lag1	0.0032929967222646824	0.003372417109327478	0.0069609818648104045
Visa_status_delta1	0.0032283441596760256	0.002147755096010672	0.0006716736887097759
chomebanking_transacciones	0.0031754830000658768	0.003484956334146062	0.007052573731452647
ccaja_seguridad	0.003146705160281971	0.011368777717603508	0.001984490443915247
Visa_msaldototal_lag1	0.0031299204923485365	0.0040466504290217805	0.005831348842889418
ctarjeta_master_delta1	0.0030794488191086974	0.0012077423043379614	0.00030530622214080725
cproductos_lag1	0.0030174363524574747	0.005488601532777895	0.005526042620748611
Master_mfinanciacion_limite	0.0030006225658739116	0.0035481341412461737	0.007052573731452647
cliente_antiguedad_lag1	0.0029995519095828015	0.00390387882133869	0.006991512487024486
Visa_mpagospesos_lag1	0.0029324687470636225	0.004733812896594082	0.007083104353666728
cliente_antiguedad	0.0029243703958420136	0.00439271377830822	0.006472491909385114
mtransferencias_recibidas_lag1	0.002810097486015648	0.004039692943136314	0.00635036942052879
Visa_mpagominimo_delta1	0.002775129793872245	0.003775157229795428	0.005251267020821885
ccomisiones_otras	0.0027443612805871263	0.0058037356702563304	0.004793307687610673
internet_lag1	0.0026818356896635706	0.009784461489714676	0.00210661293277157
Visa_mconsumospesos_delta1	0.002660100492673703	0.002936942233839399	0.006441961287171032
Visa_msaldototal_delta1	0.0026464430254361606	0.0027277841648512538	0.005770287598461257
mcomisiones_otras_delta1	0.002572756974148736	0.0036814229333454623	0.006441961287171032
ctransferencias_recibidas_lag1	0.002510322439853979	0.006700322244223501	0.005587103865176773
Master_mlimitecompra_lag1	0.002504545917305425	0.0030426536153666554	0.005281797643035965
mcomisiones_mantenimiento_lag1	0.0024797238736738053	0.006861569272015105	0.004488001465469866
Visa_mfinanciacion_limite	0.002428079653691198	0.002183289320797993	0.00467118519875435
Visa_msaldopesos_delta1	0.002425673894213633	0.0026839582158137846	0.005312328265250046
Visa_mconsumospesos_lag1	0.002359672369050197	0.0027976588222048647	0.0058008182206753375
ccajas_consultas_delta1	0.0023432958774049777	0.005089712877710828	0.0014044086218477133
matm	0.0022777859200529154	0.0038462094740458024	0.004030042132258656
Master_mlimitecompra	0.0022572009888074417	0.002224716881843888	0.004610123954326189
Visa_cconsumos_lag1	0.002254723320217114	0.002606784410321403	0.005098613909751481
mcomisiones_delta1	0.002247574963898261	0.003322316998911151	0.005617634487390853
mcuenta_debitos_automaticos_lag1	0.002204726312200181	0.004634493165046623	0.005251267020821885
mtransferencias_emitidas	0.0021548806180432412	0.003965372625158683	0.005281797643035965
Visa_mlimitecompra_lag1	0.0021473870938196592	0.002216049734248212	0.004274287109971301
mcomisiones_mantenimiento_delta1	0.0021276266437083016	0.005013805788398681	0.0019234291994870856
mautoservicio_lag1	0.00210079459518668	0.004972953516364278	0.008060084264517311
mtransferencias_recibidas_delta1	0.0020946756222273532	0.003164112520750749	0.004518532087683947
Visa_mconsumototal	0.002065527237185512	0.002136928588956366	0.00503755266532332
Visa_mfinanciacion_limite_lag1	0.002056654452800461	0.0017451716270106402	0.004335348354399463
ccallcenter_transacciones	0.002054338096542786	0.007043043245379791	0.002411919154912377
ctarjeta_master	0.00205124579250789	0.00026098674732632745	0.0005190205776393723
ctarjeta_visa	0.0019988017510868504	0.0010689909675168732	0.00042742871099713014
ccaja_ahorro	0.001988993649001172	0.009193416851703336	0.0024729803993405386
internet_delta1	0.0019588590474198275	0.0026644672620511805	0.0014349392440617939
Visa_mconsumototal_lag1	0.0019102758213410617	0.001820182021713325	0.004762777065396593
ctarjeta_visa_transacciones_delta1	0.001857989011140954	0.003431940615805293	0.0030225315991939915
ccomisiones_otras_lag1	0.0018490023921601954	0.002562140092408431	0.004304817732185382
mcaja_ahorro_dolares	0.001830992737379301	0.004101246166478619	0.003907919643402332
Visa_cconsumos	0.0017932949698083503	0.0026255015598502397	0.004793307687610673
Visa_mconsumospesos	0.001781750848472917	0.002075961458175064	0.004732246443182512
mtarjeta_visa_consumo_delta1	0.0017410554684802685	0.002822517789631042	0.003907919643402332
thomebanking	0.0017245854933000454	0.0013915836054893753	0.0018318373328448433
Visa_mlimitecompra	0.0016768183860263702	0.0019705417724846207	0.004304817732185382
tmobile_app_delta1	0.0016757099933674123	0.011739510972199671	0.0021676741771997315
tcallcenter	0.0016458820969670878	0.002136536960286571	0.0013128167552054711
Visa_mconsumototal_delta1	0.0016049023109948478	0.0023725985684459622	0.004060572754472736
mttarjeta_visa_debitos_automaticos_lag1	0.001536898928329721	0.0017453539369086484	0.0036636746656896865
ctarjeta_visa_transacciones_lag1	0.0015132252661547814	0.0022736340035886963	0.004945960798681077
mextraccion_autoservicio	0.0014421181380692557	0.004052819255792901	0.0042437564877572205
mpagomiscuentas	0.001434001903144086	0.004995135904398958	0.003327837821334799
mtransferencias_emitidas_delta1	0.0014256579307450634	0.0037468370751944737	0.0032667765769066374
Master_msaldototal	0.001417086103487757	0.0014778296916841177	0.0021371435549856505
ccallcenter_transacciones_delta1	0.001410257880752009	0.004601011614666505	0.0018318373328448433
ccajas_transacciones	0.0013915699768135342	0.0009725449801394973	0.000549551199853453
Visa_cconsumos_delta1	0.0013854488332343208	0.0019471899002153107	0.003297307199120718
ctarjeta_debito_transacciones_lag1	0.001364572552191146	0.003694134659789541	0.008243267997801795
mcaja_ahorro_dolares_lag1	0.0013035634250740077	0.001696609671956026	0.0030530622214080725
ctransferencias_recibidas	0.0012669619313161776	0.0021165449919153664	0.0031141234658362336
tcallcenter_delta1	0.001257952834360685	0.0025288165439399197	0.0011601636441350674
mttarjeta_visa_debitos_automaticos	0.0012046468248919384	0.001439625639723744	0.0033583684435488795
catm_trx	0.0011902945919853914	0.001348235713517794	0.002015021066129328
ccaja_seguridad_lag1	0.001186477231004683	0.0023395761689200866	0.000549551199853453
Master_mpagominimo_delta1	0.0011811280401133862	0.0036350189873057886	0.0025951028881968613
ctransferencias_emitidas	0.0011638299229088853	0.0033778972098172343	0.002503511021554619
Master_msaldopesos_lag1	0.0011511795582369634	0.002182014501955625	0.0020760823105574894
mtarjeta_master_consumo	0.0011466661056797767	0.0015894060501524807	0.0016791842217744398
cdescubierto_preacordado_delta1	0.0011254098294594202	0.00656419616993373	0.001007510533064664
Master_mpagominimo	0.0010856687353689623	0.002131894134883963	0.002411919154912377
mtransferencias_emitidas_lag1	0.0010749607616450275	0.0012507377305067268	0.002747755999267265
Master_msaldopesos	0.0010703853805834726	0.0015105428396052238	0.0022287354216278927
Master_msaldopesos_delta1	0.001068899842882607	0.0019394289003349195	0.00210661293277157
mtarjeta_visa_consumo_lag1	0.0010574016885791908	0.0015969968941280642	0.0034804909324052022
ctransferencias_emitidas_delta1	0.0010150462102891632	0.0044783021984264445	0.0017097148439885205
Master_mlimitecompra_delta1	0.0010004030326546316	0.005535463279228122	0.002350857910484216
Master_msaldototal_lag1	0.0009579824542889885	0.0015980529410928226	0.0023813885326982964
Master_mpagospesos_lag1	0.0009403519045564932	0.0029243223375661686	0.0021676741771997315
Master_mpagominimo_lag1	0.0009340462013990922	0.001886252479195166	0.002503511021554619
mpagomiscuentas_lag1	0.0009320937251070659	0.0014956879590267821	0.0025340416437687
ctransferencias_emitidas_lag1	0.0009305273912608028	0.0015699934221238354	0.002198204799413812
Master_mfinanciacion_limite_delta1	0.0009259629904503132	0.0026407953346275896	0.0018318373328448433
ccomisiones_mantenimiento_lag1	0.0009229270980461637	0.002308977815815875	0.0018013067106307627
cpayroll_trx_delta1	0.0008980535824119855	0.00629398454176819	0.001770776088416682
Master_msaldototal_delta1	0.0008856435415801735	0.0021994217211061804	0.0022287354216278927
Master_mpagospesos	0.0008567387289744879	0.0020267674954740217	0.0022592660438419737
Visa_mconsumosdolares	0.0008535434515454135	0.0028290512361981786	0.002411919154912377
Visa_mconsumosdolares_delta1	0.0008462157042970237	0.0017938335148982366	0.0019234291994870856
mautoservicio_delta1	0.0008413816561205468	0.0014677796897509575	0.0020760823105574894
ctarjeta_debito_transacciones_delta1	0.0008396686322557206	0.002014686426232682	0.0021676741771997315
mextraccion_autoservicio_delta1	0.0008352362735110488	0.002484285663296819	0.0019234291994870856
ctransferencias_recibidas_delta1	0.0008262569851153796	0.0016469322504143397	0.0019234291994870856
cmobile_app_trx	0.0007983743095880357	0.0011770480697318344	0.0019234291994870856
cextraccion_autoservicio	0.0007726453707610358	0.0019629671338333046	0.0025340416437687
ccuenta_debitos_automaticos	0.0007698889349600482	0.0021920496490082063	0.0019234291994870856
ccajas_extracciones_lag1	0.0006907513840701649	0.00845360463602997	0.0013128167552054711
ctarjeta_visa_debitos_automaticos_lag1	0.0006895320394507845	0.0011805254622308788	0.0016791842217744398
mttarjeta_visa_debitos_automaticos_delta1	0.0006824583935679127	0.0010037847939959597	0.00210661293277157
ccajas_transacciones_delta1	0.0006561422515353215	0.0022031111332643898	0.0006716736887097759
ccajas_consultas_lag1	0.000644180505707764	0.003556280017577915	0.0007937961775660988
matm_lag1	0.0006416364390321917	0.0018820553002099117	0.0023813885326982964
thomebanking_delta1	0.0006411291623088321	0.0018841971039005852	0.0009159186664224216
cextraccion_autoservicio_delta1	0.0006269237782195705	0.0023280366275980156	0.0014044086218477133
ctarjeta_visa_debitos_automaticos	0.0006164381848587703	0.000904678432551354	0.0016181229773462784
Master_mconsumospesos	0.0006064089533680682	0.0010023641272351852	0.0014349392440617939
mplazo_fijo_dolares	0.0005884792946085432	0.0038175314518672765	0.0008243267997801795
ctarjeta_master_transacciones	0.0005787452023573422	0.00035675481197185074	0.0007632655553520181
Master_mconsumospesos_delta1	0.0005596112605372316	0.0008375559794358216	0.0013433473774195517
ccaja_ahorro_lag1	0.0005523103531427614	0.0022953761469807787	0.000976979910850583
Master_mconsumospesos_lag1	0.0005488116442886985	0.0009350728686585342	0.0014044086218477133
Master_mpagospesos_delta1	0.0005478933450509644	0.000854914582613575	0.0014349392440617939
thomebanking_lag1	0.000541136396513639	0.0005987502697004853	0.0010380411552787447
ccomisiones_otras_delta1	0.0005405584399578055	0.0014725575595224598	0.0014960004884899555
cpagomiscuentas_lag1	0.0005391752419532652	0.0008821125185090124	0.0013738779996336325
mextraccion_autoservicio_lag1	0.0005369191923978272	0.0017384099554600713	0.002442449777126458
ctarjeta_debito_lag1	0.000523294920488167	0.0008016152710981269	0.0012517555107773096
cpagomiscuentas	0.0005063171218982573	0.0010029083560418317	0.0012517555107773096
Visa_mconsumosdolares_lag1	0.000499422376638375	0.0005755388435748259	0.0011296330219209868
mtarjeta_master_consumo_delta1	0.000498900042263036	0.0017743614673472778	0.0007632655553520181
Visa_mlimitecompra_delta1	0.000497271105955845	0.0008169549609609012	0.0010685717774928253
catm_trx_other_delta1	0.0004843286260088276	0.0027624243959164904	0.0007937961775660988
catm_trx_lag1	0.0004737667645548149	0.0009652687895434389	0.0014044086218477133
matm_other_lag1	0.0004712319621314099	0.0014757135464235343	0.0009464492886365024
Visa_fultimo_cierre_lag1	0.00044414177501636787	0.0004086050974090563	0.0008243267997801795
matm_delta1	0.0004423423705247441	0.0011652411405593513	0.0010380411552787447
ctarjeta_debito	0.000441440651310292	0.0003981945270109467	0.0009159186664224216
cmobile_app_trx_lag1	0.00043504982128410096	0.0013126866338498946	0.0014960004884899555
cextraccion_autoservicio_lag1	0.00043340647126846507	0.0009128445655384299	0.002015021066129328
Visa_mpagado_delta1	0.0004276418865524756	0.0015173382722480163	0.0007327349331379373
active_quarter_lag1	0.00042317648329512954	0.00034308427050861774	0.00021371435549856507
ccuenta_debitos_automaticos_lag1	0.0004213207560478309	0.0008133573789735405	0.0016181229773462784
Master_fultimo_cierre	0.00041768093441269465	0.0005874389533618465	0.0008243267997801795
mcuenta_debitos_automaticos_delta1	0.00040022464597290876	0.003432213405430461	0.0011906942663491482
Master_mconsumototal_lag1	0.000380309004008363	0.0007859528251936938	0.0010685717774928253
mpagomiscuentas_delta1	0.0003731498448561741	0.0010859822500112323	0.0011906942663491482
Master_mconsumototal	0.0003696493880469138	0.0005900142494766726	0.001007510533064664
tmobile_app	0.00036145540460551695	0.0023597234383155204	0.0004884899554252916
matm_other_delta1	0.000354217870696891	0.0019090277120092946	0.0007327349331379373
Visa_fultimo_cierre_delta1	0.00035306473241692327	0.0003303320307538702	0.0007632655553520181
Master_mconsumototal_delta1	0.00035246020702053767	0.0005223394648923601	0.0006716736887097759
Visa_fultimo_cierre	0.0003467923062465571	0.00036598104325475186	0.0006411430664956952
Visa_mpagosdolares_lag1	0.0003339530236284786	0.0017011147521023605	0.0007327349331379373
cdescubierto_preacordado	0.0003268594403019862	0.0005982924692899314	0.00021371435549856507
cpagomiscuentas_delta1	0.0003195656410062385	0.0012253156280622576	0.001007510533064664
mtarjeta_master_consumo_lag1	0.00030372346724166804	0.0007081091996315935	0.0006106124442816145
Visa_mfinanciacion_limite_delta1	0.00029870653869951423	0.0008092493292717569	0.0006411430664956952
mplazo_fijo_dolares_delta1	0.0002963555071150083	0.001896509099012735	0.00042742871099713014
Master_cconsumos_lag1	0.00029499999471046894	0.0004158812880051147	0.000885388044208341
Master_fultimo_cierre_lag1	0.0002922448705990328	0.0004638449965055244	0.0006716736887097759
ccallcenter_transacciones_lag1	0.00028331067562340135	0.00206918088041285	0.0007327349331379373
catm_trx_delta1	0.00028306407034573084	0.0011491681597734778	0.000885388044208341
Master_fultimo_cierre_delta1	0.00027075511752133215	0.000189291691880013	0.0005190205776393723
Master_status_lag1	0.00026967636926810226	0.0019327185456445308	0.00030530622214080725
Visa_mpagosdolares_delta1	0.0002566460236735708	0.0020746326215851383	0.0008243267997801795
Visa_mpagado	0.0002519796565063043	0.0011920258406859703	0.0006411430664956952
Visa_mpagosdolares	0.00023538512184603802	0.0007814045308493128	0.0007327349331379373
Visa_msaldodolares_delta1	0.00022663209126605599	0.0006038846566058702	0.000549551199853453
cseguro_vivienda	0.00022376502713407744	0.0007492234577416528	0.00042742871099713014
ccajas_transacciones_lag1	0.00021532831429873684	0.0017181235903646762	0.0003968980887830494
Master_cconsumos_delta1	0.00021149521356801496	0.0008391197932276248	0.0005190205776393723
cplazo_fijo_delta1	0.00019394415471342112	0.0030549467042671604	0.0004579593332112108
tmobile_app_lag1	0.0001926658515043274	0.0018405143018941446	0.00030530622214080725
Visa_msaldodolares_lag1	0.00018882896153146338	0.0003910614834459169	0.00042742871099713014
ccajas_otras_delta1	0.00018254001163941192	0.0016922261317416968	0.00030530622214080725
Master_cconsumos	0.00017966365752835302	0.00037809857447569325	0.000549551199853453
ctarjeta_visa_debitos_automaticos_delta1	0.00017200452903737013	0.0004604850926074187	0.0004884899554252916
ctarjeta_master_transacciones_lag1	0.00016549042580174783	0.00038851859797962553	0.0003968980887830494
ctarjeta_visa_delta1	0.00016524005400744856	0.0004207901508144452	9.159186664224217e-05
catm_trx_other_lag1	0.00016052918964696138	0.00036054010563197546	0.00036636746656896867
mttarjeta_master_debitos_automaticos	0.00015814302159171298	0.0011566401647044337	0.00033583684435488793
matm_other	0.00015787816992639023	0.0006847775840176178	0.000549551199853453
cliente_edad_delta1	0.00015206975834322316	0.00023512304979557186	0.0002747755999267265
cplazo_fijo	0.00014804984517618013	0.0009080167293504365	0.0002747755999267265
ccheques_depositados	0.0001472366256317688	0.0019657571504946734	0.0002747755999267265
Master_mconsumosdolares	0.00014142743608359202	6.176119167040391e-05	0.00030530622214080725
Visa_mpagado_lag1	0.0001410147524362376	0.0003026128235944984	0.0002442449777126458
ccuenta_debitos_automaticos_delta1	0.00013142664004881757	0.0006904278404121813	0.00042742871099713014
Master_msaldodolares_delta1	0.0001296030222184516	0.00024419533049793273	0.00018318373328448433
catm_trx_other	0.00010071639071534308	0.0010099117570127223	0.00033583684435488793
ccajas_otras	9.902576937651864e-05	0.0010647762327636626	0.00021371435549856507
mtarjeta_visa_descuentos_delta1	9.88717473582726e-05	0.0005447554796852283	0.0002747755999267265
Master_Finiciomora_lag1	8.528602870105821e-05	0.0013952959751902967	0.00021371435549856507
mttarjeta_master_debitos_automaticos_lag1	8.277611007045216e-05	0.0006123357332113145	0.00021371435549856507
Master_madelantopesos	7.85650662935869e-05	5.044852488807624e-05	0.00015265311107040362
Master_mconsumosdolares_lag1	6.459143267179296e-05	0.0001240787661406549	0.0002442449777126458
cseguro_accidentes_personales	6.352743301827429e-05	0.00013016116451568222	0.0001221224888563229
cseguro_vivienda_lag1	6.030392161229961e-05	0.0001308633952339358	0.00015265311107040362
mcheques_depositados	5.414316209303453e-05	0.0006327179798086252	9.159186664224217e-05
mplazo_fijo_dolares_lag1	5.347674692452901e-05	0.00029634541443408503	0.0002442449777126458
mttarjeta_master_debitos_automaticos_delta1	5.296552401094057e-05	0.0003458621331767863	0.00018318373328448433
Master_mconsumosdolares_delta1	5.113056910294347e-05	7.335204985265511e-05	0.00018318373328448433
Visa_msaldodolares	5.086972045518581e-05	0.000272700495884273	0.00018318373328448433
ctarjeta_master_transacciones_delta1	5.036399299389448e-05	0.0002194403472358045	0.0001221224888563229
active_quarter	4.831665846993195e-05	7.21528558568682e-05	0.0001221224888563229
Master_mpagosdolares_lag1	4.199502143676375e-05	0.00010127382356536931	0.0002442449777126458
Visa_delinquency_lag1	4.172673185063083e-05	0.00036386219710679053	0.00015265311107040362
Master_madelantopesos_lag1	4.048214535153618e-05	3.183265863591116e-05	6.106124442816144e-05
cseguro_vida	3.913446546105732e-05	8.485647963881357e-05	6.106124442816144e-05
Master_mpagado_delta1	3.793350491072106e-05	8.006240454304382e-05	9.159186664224217e-05
ctarjeta_master_debitos_automaticos_lag1	3.433657063485244e-05	0.0002090648883736076	9.159186664224217e-05
Master_mpagado	3.338057159307319e-05	5.535333636633983e-05	6.106124442816144e-05
cseguro_accidentes_personales_lag1	3.279155862849501e-05	3.951128145127646e-05	9.159186664224217e-05
Master_mpagado_lag1	3.2790498688761614e-05	1.8684738880301493e-05	9.159186664224217e-05
Master_mpagosdolares_delta1	3.1382675629285746e-05	5.264704721368558e-05	9.159186664224217e-05
Master_msaldodolares_lag1	3.112369574151067e-05	0.00016033007652680793	9.159186664224217e-05
ccajas_extracciones	3.111063615558298e-05	0.00025405491987095103	6.106124442816144e-05
cseguro_auto_lag1	3.0131223631617348e-05	0.0006392014599592704	9.159186664224217e-05
ccajas_depositos_lag1	2.7306218654583317e-05	0.00017693648256981656	6.106124442816144e-05
tcallcenter_lag1	2.6989989255148805e-05	0.00015751575187903773	0.0001221224888563229
Visa_madelantopesos_lag1	2.630218603296455e-05	6.284964928369698e-06	3.053062221408072e-05
cdescubierto_preacordado_lag1	2.485804979352946e-05	0.0001170861687192758	3.053062221408072e-05
minversion2	2.0762949734989324e-05	0.0004410116946127709	6.106124442816144e-05
Master_madelantodolares_lag1	1.8655003586211372e-05	2.856188402127613e-05	9.159186664224217e-05
Visa_madelantopesos	1.8215619485527628e-05	0.00016488782397701155	0.0001221224888563229
cplazo_fijo_lag1	1.7175618568454627e-05	0.0001928906243110627	6.106124442816144e-05
cmobile_app_trx_delta1	1.6966381840734226e-05	6.106166183952821e-05	3.053062221408072e-05
Master_cadelantosefectivo_lag1	1.678419471240262e-05	4.532224064482498e-05	0.0001221224888563229
Master_mpagosdolares	1.598335808522428e-05	1.1820433609372577e-05	6.106124442816144e-05
mforex_sell_lag1	1.5511858941806022e-05	0.00011317258290870094	9.159186664224217e-05
ccheques_depositados_lag1	1.5193699100461715e-05	0.00016567513264766895	3.053062221408072e-05
ctarjeta_visa_descuentos_delta1	1.3466646160886637e-05	0.00013362370213414803	9.159186664224217e-05
Master_delinquency_lag1	1.2323529067424906e-05	5.0859059769516805e-05	6.106124442816144e-05
mtarjeta_visa_descuentos_lag1	1.1291644951408727e-05	9.456346887498061e-05	9.159186664224217e-05
mcheques_emitidos_lag1	1.0750461733822742e-05	0.00020272590569767992	3.053062221408072e-05
ctarjeta_visa_descuentos	1.074758571104407e-05	6.384222539507466e-05	3.053062221408072e-05
mforex_sell_delta1	9.884040410208143e-06	9.835956608461688e-05	3.053062221408072e-05
Master_madelantodolares	8.610230852796435e-06	6.538848341892153e-06	3.053062221408072e-05
ctarjeta_visa_descuentos_lag1	7.728322964260453e-06	8.308739840629008e-05	6.106124442816144e-05
Visa_cadelantosefectivo_lag1	5.557273931524722e-06	4.914939805930709e-05	6.106124442816144e-05
cforex_lag1	5.344922286161119e-06	1.1180323300810642e-05	3.053062221408072e-05
Visa_madelantodolares	5.21429220651269e-06	7.390708220881325e-05	0.00015265311107040362
ctarjeta_master_debitos_automaticos	4.563849277459298e-06	1.0529409442737116e-05	3.053062221408072e-05
cforex_sell_lag1	3.697362605922114e-06	4.350454343949932e-05	3.053062221408072e-05
cforex_sell	3.1079361282600413e-06	5.219059724682074e-05	3.053062221408072e-05
Visa_status_lag1	2.6743482875279873e-06	4.044308759665142e-05	6.106124442816144e-05
Master_madelantodolares_delta1	6.06734303469589e-07	7.234326841701004e-06	3.053062221408072e-05
Master_cadelantosefectivo	3.496208041419415e-07	6.9480327796437686e-06	3.053062221408072e-05
Visa_fechaalta_delta1	1.6203126546485853e-10	3.061185754110106e-05	3.053062221408072e-05
Visa_cadelantosefectivo	1.3915966753477447e-10	6.416498143673354e-05	9.159186664224217e-05
Visa_delinquency_delta1	8.784060049447344e-11	4.150048500509867e-05	6.106124442816144e-05
Visa_madelantodolares_delta1	2.9348496770223927e-11	1.8249896012459843e-05	3.053062221408072e-05
Visa_madelantopesos_delta1	2.1331318225491316e-11	2.4105419847743686e-05	3.053062221408072e-05
Master_msaldodolares	9.530091146911916e-13	3.0055474741253978e-05	3.053062221408072e-05
